29.9349
30.5339
28.7792
33.2277
29.1056
30.7283
27.6905
24.7826
24.6904
32.9864
31.9244
26.4295
29.2621
27.5211
30.9426
28.9770
32.9750
28.3042
28.2455
28.4494
27.2780
27.7855
27.6420
28.6301
33.6167
29.5395
31.4929
26.6227
33.0283
29.4686
30.2744
33.1875
30.0671
28.1493
26.7722
25.9373
24.4766
26.8793
30.2386
24.0949
38.3097
30.1466
31.1549
27.1782
29.2068
28.6535
28.3787
26.6924
29.1247
33.6169
28.0640
28.6015
29.8270
31.0336
29.7101
27.9658
26.4682
30.0785
28.7505
26.1895
34.1891
30.9010
28.9845
29.6228
26.2820
29.0180
30.4539
26.6948
29.2054
0.8973
0.9397
0.9189
0.9575
0.9282
0.9195
0.8758
0.8895
0.8636
0.9458
0.9194
0.9181
0.9063
0.7514
0.8948
0.9163
0.9356
0.8923
0.9165
0.8793
0.8760
0.9035
0.8857
0.8875
0.9375
0.9457
0.9146
0.8841
0.9476
0.8950
0.9010
0.9421
0.9096
0.8807
0.8317
0.8321
0.8798
0.8618
0.9270
0.8296
0.9866
0.9316
0.8909
0.8827
0.8897
0.8959
0.8836
0.8766
0.9066
0.9453
0.8907
0.8696
0.9021
0.9021
0.9061
0.9331
0.8689
0.9517
0.8994
0.9003
0.9701
0.9250
0.9227
0.8998
0.8550
0.8974
0.8909
0.8623
0.9011
